# lambda IDOS(lambda) p=IDOS/lambda^(ds/2)  (level-12 decimated Dirichlet spectrum)
1.452082730800069172e-07 1.254453309247829716e-06 5.836084303874513463e-02
1.510529553910387339e-07 1.254453309247829716e-06 5.680978466419032979e-02
1.571328881502186716e-07 3.763359927743489361e-06 1.658998464834925968e-01
1.634575402679865132e-07 3.763359927743489361e-06 1.614907198700416269e-01
1.700367617816442627e-07 3.763359927743489361e-06 1.571987747845153827e-01
1.768807991958399396e-07 3.763359927743489361e-06 1.530208968889303911e-01
1.840003114405140920e-07 3.763359927743489361e-06 1.489540546151837397e-01
1.914063864711576936e-07 3.763359927743489361e-06 1.449952969652746615e-01
1.991105585372362584e-07 3.763359927743489361e-06 1.411417513699900761e-01
2.071248261456733625e-07 3.763359927743489361e-06 1.373906216044998019e-01
2.154616707473728189e-07 3.763359927743489361e-06 1.337391857593480393e-01
2.241340761758753783e-07 3.763359927743489361e-06 1.301847942653721613e-01
2.331555488684320716e-07 3.763359927743489361e-06 1.267248679711110437e-01
2.425401389009807645e-07 3.763359927743489361e-06 1.233568962713113698e-01
2.523024618697873059e-07 3.763359927743489361e-06 1.200784352851725773e-01
2.624577216538330704e-07 3.763359927743489361e-06 1.168871060830077580e-01
2.730217340933906590e-07 3.763359927743489361e-06 1.137805929600365501e-01
2.840109516216760949e-07 3.763359927743489361e-06 1.107566417560535699e-01
2.954424888879303742e-07 3.763359927743489361e-06 1.078130582197560500e-01
3.073341494118392796e-07 3.763359927743489361e-06 1.049477064165427187e-01
3.197044533108022666e-07 3.763359927743489361e-06 1.021585071786286769e-01
3.325726661432363971e-07 3.763359927743489361e-06 9.944343659635088151e-02
3.459588289128265417e-07 3.763359927743489361e-06 9.680052454957184527e-02
3.598837892804633529e-07 3.763359927743489361e-06 9.422785327811276923e-02
3.743692340324692715e-07 3.763359927743489361e-06 9.172355599018106043e-02
3.894377228556819679e-07 3.763359927743489361e-06 8.928581550778148801e-02
4.051127234719959646e-07 3.763359927743489361e-06 8.691286294812854141e-02
4.214186481870851102e-07 3.763359927743489361e-06 8.460297644010240925e-02
4.383808919102158229e-07 3.763359927743489361e-06 8.235447987481864240e-02
4.560258717043786148e-07 3.763359927743489361e-06 8.016574168940311662e-02
4.743810679283217424e-07 6.272266546239149217e-06 1.300586228051519022e-01
4.934750670345658213e-07 6.272266546239149217e-06 1.266020497746516427e-01
5.133376060900576686e-07 6.272266546239149217e-06 1.232373422187924700e-01
5.339996190887859785e-07 6.272266546239149217e-06 1.199620586253146576e-01
5.554932851285047562e-07 6.272266546239149217e-06 1.167738223701238476e-01
5.778520785265824072e-07 6.272266546239149217e-06 1.136703199927556751e-01
6.011108209530298271e-07 6.272266546239149217e-06 1.106492995176739658e-01
6.253057356619060807e-07 6.272266546239149217e-06 1.077085688201826347e-01
6.504745039055460925e-07 6.272266546239149217e-06 1.048459940357685943e-01
6.766563236194905440e-07 7.526719855486978722e-06 1.224713976140616306e-01
7.038919704694989653e-07 7.526719855486978722e-06 1.192164705598618146e-01
7.322238613557273727e-07 7.526719855486978722e-06 1.160480498274200356e-01
7.616961204729695976e-07 7.526719855486978722e-06 1.129638363348891839e-01
7.923546480298450443e-07 1.129007978323046808e-05 1.649423881548136572e-01
8.242471917339648090e-07 1.129007978323046808e-05 1.605587079482623802e-01
8.574234211543838045e-07 1.129007978323046808e-05 1.562915329794991870e-01
8.919350050771831418e-07 1.129007978323046808e-05 1.521377668843294784e-01
9.278356919746327582e-07 1.129007978323046808e-05 1.480943955907491894e-01
9.651813937132650986e-07 1.129007978323046808e-05 1.441584851318623295e-01
1.004030272631236857e-06 1.129007978323046808e-05 1.403271795169234448e-01
1.044442832120563973e-06 1.129007978323046808e-05 1.365976986589639564e-01
1.086482010855343251e-06 1.129007978323046808e-05 1.329673363574933875e-01
1.130213280812680143e-06 1.129007978323046808e-05 1.294334583348162038e-01
1.175704749238994576e-06 1.129007978323046808e-05 1.259935003245366836e-01
1.223027264720513530e-06 1.129007978323046808e-05 1.226449662108655275e-01
1.272254527523116309e-06 1.129007978323046808e-05 1.193854262173794367e-01
1.323463204373418547e-06 1.129007978323046808e-05 1.162125151439165893e-01
1.376733047859821248e-06 1.129007978323046808e-05 1.131239306503310366e-01
1.432147020639497076e-06 1.129007978323046808e-05 1.101174315858595570e-01
1.489791424644747006e-06 1.129007978323046808e-05 1.071908363628892302e-01
1.549756035489956936e-06 1.129007978323046808e-05 1.043420213739452429e-01
1.612134242288492969e-06 1.129007978323046808e-05 1.015689194507500975e-01
1.677023193097243783e-06 1.129007978323046808e-05 9.886951836423769902e-02
1.744523946215387800e-06 1.129007978323046808e-05 9.624185936443123424e-02
1.814741627572968537e-06 1.129007978323046808e-05 9.368403575912752357e-02
1.887785594454416444e-06 1.505343971097395744e-05 1.215922553738075645e-01
1.963769605812014393e-06 1.505343971097395744e-05 1.183606933168074027e-01
2.042811999434500544e-06 1.505343971097395744e-05 1.152150166091343020e-01
2.125035876246808140e-06 1.505343971097395744e-05 1.121529426725492995e-01
2.210569292027907671e-06 1.505343971097395744e-05 1.091722495929833558e-01
2.299545456845364612e-06 1.505343971097395744e-05 1.062707745082633187e-01
2.392102942517220570e-06 1.881679963871744850e-05 1.293080150483587321e-01
2.488385898424245828e-06 1.881679963871744850e-05 1.258713909491375738e-01
2.588544276008750661e-06 2.007125294796527546e-05 1.306945089504450430e-01
2.692734062309528884e-06 2.007125294796527546e-05 1.272210359493553544e-01
2.801117522896661444e-06 2.007125294796527546e-05 1.238398775740767038e-01
2.913863454584554751e-06 2.258015956646093617e-05 1.356171529221461003e-01
3.031147448316708836e-06 2.258015956646093617e-05 1.320128506225113074e-01
3.153152162631744326e-06 2.258015956646093617e-05 1.285043400039967421e-01
3.280067608136501021e-06 2.258015956646093617e-05 1.250890752074016732e-01
3.412091443429274070e-06 2.258015956646093617e-05 1.217645780349235762e-01
3.549429282934101558e-06 2.508906618495659687e-05 1.316982623910197547e-01
3.692295017125375936e-06 2.508906618495659687e-05 1.281981125960573453e-01
3.840911145641781642e-06 3.387023934969140594e-05 1.684678316630640604e-01
3.995509123808001950e-06 3.387023934969140594e-05 1.639904556085302334e-01
4.156329723104159486e-06 3.387023934969140594e-05 1.596320749499471892e-01
4.323623406144230209e-06 3.387023934969140594e-05 1.553895271420908386e-01
4.497650716747459665e-06 3.387023934969140594e-05 1.512597336908237111e-01
4.678682685710341698e-06 3.387023934969140594e-05 1.472396979192649447e-01
4.867001252910953482e-06 3.387023934969140594e-05 1.433265027933313118e-01
5.062899706403235797e-06 3.387023934969140594e-05 1.395173088050665755e-01
5.266683139184913903e-06 3.387023934969140594e-05 1.358093519122269277e-01
5.478668924350485383e-06 3.387023934969140594e-05 1.321999415326259864e-01
5.699187209369329316e-06 3.387023934969140594e-05 1.286864585917831816e-01
5.928581430258566183e-06 3.387023934969140594e-05 1.252663536224619956e-01
6.167208846451665194e-06 3.387023934969140594e-05 1.219371449147147179e-01
6.415441097195634033e-06 3.387023934969140594e-05 1.186964167150944688e-01
6.673664780343385337e-06 3.387023934969140594e-05 1.155418174737271181e-01
6.942282054442774532e-06 3.387023934969140594e-05 1.124710581379694263e-01
7.221711265059699228e-06 3.387023934969140594e-05 1.094819104914195873e-01
7.512387596311276733e-06 3.387023934969140594e-05 1.065722055370679489e-01
7.814763748623089628e-06 3.387023934969140594e-05 1.037398319234224819e-01
8.129310643766619871e-06 3.387023934969140594e-05 1.009827344124611115e-01
8.456518158274601581e-06 3.387023934969140594e-05 9.829891238830175404e-02
8.796895886376579105e-06 3.387023934969140594e-05 9.568641840550792810e-02
9.150973933642971193e-06 3.387023934969140594e-05 9.314335677597514185e-02
9.519303742573398831e-06 4.892367906066536339e-05 1.309647187237640842e-01
9.902458951415409857e-06 4.892367906066536339e-05 1.274840643471155111e-01
1.030103628755084686e-05 4.892367906066536339e-05 1.240959154559728300e-01
1.071565649684133020e-05 4.892367906066536339e-05 1.207978135284829002e-01
1.114696531038031007e-05 4.892367906066536339e-05 1.175873653830221688e-01
1.159563445015699737e-05 4.892367906066536339e-05 1.144622414416478356e-01
1.206236267519884706e-05 5.770485222540016907e-05 1.314186668160559623e-01
1.254787686982149450e-05 6.021375884389582977e-05 1.334879455757888300e-01
1.305293317568114214e-05 6.021375884389582977e-05 1.299402313018538924e-01
1.357831816939255173e-05 6.272266546239149048e-05 1.317570882988533254e-01
1.412485008754630741e-05 6.774047869938281188e-05 1.385158050923089024e-01
1.469338010103370633e-05 6.774047869938281188e-05 1.348344652022392398e-01
1.528479364066351434e-05 7.150383862712630294e-05 1.385426846700941184e-01
1.590001177613525313e-05 7.150383862712630294e-05 1.348606304004499601e-01
1.653999265051681996e-05 7.150383862712630294e-05 1.312764342290290154e-01
1.720573297245979154e-05 7.150383862712630294e-05 1.277874953773842914e-01
1.789826956847774263e-05 7.652165186411761079e-05 1.331204949731832066e-01
1.861868099770342246e-05 7.903055848261327150e-05 1.338311545283391302e-01
1.936808923164101559e-05 1.016107180490742178e-04 1.674955527130873034e-01
2.014766140152897576e-05 1.016107180490742178e-04 1.630440169536765127e-01
2.095861161603422454e-05 1.016107180490742178e-04 1.587107898316976462e-01
2.180220285211020322e-05 1.016107180490742178e-04 1.544927270539335762e-01
2.267974892196151601e-05 1.016107180490742178e-04 1.503867678931701257e-01
2.359261651918027525e-05 1.016107180490742178e-04 1.463899329672579963e-01
2.454222734723987681e-05 1.016107180490742178e-04 1.424993220772021452e-01
2.553006033366134018e-05 1.016107180490742178e-04 1.387121121027081461e-01
2.655765393330093506e-05 1.016107180490742178e-04 1.350255549536576172e-01
2.762660852434504555e-05 1.016107180490742178e-04 1.314369755760305680e-01
2.873858890074601366e-05 1.016107180490742178e-04 1.279437700108194409e-01
2.989532686497796976e-05 1.016107180490742178e-04 1.245434035045363125e-01
3.109862392515284131e-05 1.016107180490742178e-04 1.212334086699343866e-01
3.235035410069617324e-05 1.016107180490742178e-04 1.180113836956121626e-01
3.365246684095145102e-05 1.016107180490742178e-04 1.148749906032034279e-01
3.500699006126082246e-05 1.016107180490742178e-04 1.118219535508820361e-01
3.641603330124746615e-05 1.016107180490742178e-04 1.088500571819583096e-01
3.788179101022087124e-05 1.016107180490742178e-04 1.059571450173627527e-01
3.940654596482089420e-05 1.016107180490742178e-04 1.031411178908526044e-01
4.099267282422193134e-05 1.016107180490742178e-04 1.003999324258082609e-01
4.264264182843724297e-05 1.016107180490742178e-04 9.773159955250823594e-02
4.435902264547932988e-05 1.016107180490742178e-04 9.513418306481428999e-02
4.614448837337104464e-05 1.016107180490742178e-04 9.260579821521319754e-02
4.800181970323856437e-05 1.505343971097395880e-04 1.335475708847393139e-01
4.993390924997025566e-05 1.505343971097395880e-04 1.299982719466705461e-01
5.194376605718651051e-05 1.505343971097395880e-04 1.265433028632617918e-01
5.403452028353515873e-05 1.505343971097395880e-04 1.231801566263306252e-01
5.620942807761285053e-05 1.505343971097395880e-04 1.199063928565475001e-01
5.847187664910317317e-05 1.505343971097395880e-04 1.167196360326384491e-01
6.082538954402984667e-05 1.756234632946961679e-04 1.325538360622583456e-01
6.327363213234127911e-05 1.806412765316874893e-04 1.327175461572304149e-01
6.582041731637036067e-05 1.844046364594309668e-04 1.318817715437141103e-01
6.846971146906482620e-05 1.919313563149179489e-04 1.336166117462314895e-01
7.122564061123016978e-05 2.032214360981484357e-04 1.377163883716157333e-01
7.409249683741072571e-05 2.032214360981484357e-04 1.340562946105401110e-01
7.707474500041461816e-05 2.182748758091223728e-04 1.401596586581388415e-01
8.017702966489089313e-05 2.182748758091223728e-04 1.364346300084993691e-01
8.340418234079433567e-05 2.182748758091223728e-04 1.328086015888365612e-01
8.676122900799577216e-05 2.270560489738571988e-04 1.344798192539449211e-01
9.025339794376286708e-05 2.370916754478398416e-04 1.366916331488547132e-01
9.388612786529985249e-05 2.458728486125746405e-04 1.379868771004122419e-01
9.766507640002430836e-05 3.048321541472226535e-04 1.665288850798063713e-01
1.015961288967803420e-04 3.048321541472226535e-04 1.621030404833390393e-01
1.056854075917011964e-04 3.048321541472226535e-04 1.577948217292755029e-01
1.099392811430040517e-04 3.048321541472226535e-04 1.536011026710691618e-01
1.143643745495623364e-04 3.048321541472226535e-04 1.495188402458906551e-01
1.189675794687046159e-04 3.048321541472226535e-04 1.455450722665085628e-01
1.237560649493073652e-04 3.048321541472226535e-04 1.416769152718558022e-01
1.287372885968991970e-04 3.048321541472226535e-04 1.379115624347213576e-01
1.339190081881646405e-04 3.048321541472226535e-04 1.342462815250487496e-01
1.393092937529341450e-04 3.048321541472226535e-04 1.306784129273654560e-01
1.449165401424803643e-04 3.048321541472226535e-04 1.272053677109014347e-01
1.507494801036905166e-04 3.048321541472226535e-04 1.238246257509998116e-01
1.568171978794800404e-04 3.048321541472226535e-04 1.205337339004538821e-01
1.631291433566277327e-04 3.048321541472226535e-04 1.173303042094444026e-01
1.696951467830642535e-04 3.048321541472226535e-04 1.142120121927868576e-01
1.765254340775383398e-04 3.048321541472226535e-04 1.111765951432290983e-01
1.836306427555021450e-04 3.048321541472226535e-04 1.082218504895764155e-01
1.910218384960171527e-04 3.048321541472226535e-04 1.053456341984540245e-01
1.987105323754855197e-04 3.048321541472226535e-04 1.025458592185446854e-01
2.067086987950448598e-04 3.048321541472226535e-04 9.982049396617423409e-02
2.150287941295451111e-04 3.048321541472226535e-04 9.716756085114633401e-02
2.236837761271545893e-04 3.048321541472226535e-04 9.458513484175554153e-02
2.326871240898071994e-04 4.553665512569622415e-04 1.375386714842035951e-01
2.420528598659168920e-04 4.553665512569622415e-04 1.338833009116934536e-01
2.517955696880597714e-04 4.553665512569622415e-04 1.303250792637597744e-01
2.619304268896265205e-04 4.553665512569622415e-04 1.268614246096902154e-01
2.724732155358304672e-04 4.553665512569622415e-04 1.234898236388444759e-01
2.834403550058714168e-04 4.553665512569622415e-04 1.202078298369358145e-01
2.948489255645380508e-04 5.118169501731145666e-04 1.315188131625320278e-01
3.067166949630780880e-04 5.331426564303276419e-04 1.333577422881569718e-01
3.190621461107624886e-04 5.419238295950624951e-04 1.319515929473658589e-01
3.319045058602372697e-04 5.569772693060364051e-04 1.320126189980122822e-01
3.452637749514976713e-04 5.795574288724973785e-04 1.337137408003393479e-01
3.591607591611179992e-04 6.096643082944453070e-04 1.369215853272674199e-01
3.736171017052448366e-04 6.096643082944453070e-04 1.332826150773314955e-01
3.886553169468272479e-04 6.585879873551106229e-04 1.401516211666309353e-01
4.042988254595687920e-04 6.585879873551106229e-04 1.364268061297128076e-01
4.205719905032192217e-04 6.585879873551106229e-04 1.328009856455781568e-01
4.375001559670095531e-04 6.886948667770585513e-04 1.351810843313678012e-01
4.551096858403189268e-04 7.263284660544934348e-04 1.387789928338292178e-01
4.734280052720533233e-04 7.489086256209544082e-04 1.392903677741403889e-01
4.924836432826786925e-04 9.144964624416679604e-04 1.655677963786110762e-01
5.123062771954229981e-04 9.144964624416679604e-04 1.611674946735939251e-01
5.329267788558538074e-04 9.144964624416679604e-04 1.568841399565702177e-01
5.543772627118100918e-04 9.144964624416679604e-04 1.527146241229329626e-01
5.766911358285621006e-04 9.144964624416679604e-04 1.486559216722913856e-01
5.999031499171039511e-04 9.144964624416679604e-04 1.447050875130951320e-01
6.240494554566024471e-04 9.144964624416679604e-04 1.408592548256052401e-01
6.491676579952863771e-04 9.144964624416679604e-04 1.371156329816618502e-01
6.752968767174764289e-04 9.144964624416679604e-04 1.334715055197367994e-01
7.024778053679467740e-04 9.144964624416679604e-04 1.299242281738049176e-01
7.307527756285198389e-04 9.144964624416679604e-04 1.264712269546011958e-01
7.601658230455921126e-04 9.144964624416679604e-04 1.231099962818721361e-01
7.907627556112562656e-04 9.144964624416679604e-04 1.198380971662675459e-01
8.225912251048454749e-04 9.144964624416679604e-04 1.166531554395511261e-01
8.557008013059981544e-04 9.144964624416679604e-04 1.135528600318470721e-01
8.901430491948171975e-04 9.144964624416679604e-04 1.105349612946729398e-01
9.259716092593680420e-04 9.144964624416679604e-04 1.075972693685407627e-01
9.632422810355828306e-04 9.144964624416679604e-04 1.047376525939422848e-01
1.002013110009663871e-03 9.144964624416679604e-04 1.019540359645664113e-01
1.042344478018348381e-03 9.144964624416679604e-04 9.924439962162473483e-02
1.084299197287813630e-03 9.144964624416679604e-04 9.660677738819350990e-02
1.127942608257670410e-03 9.144964624416679604e-04 9.403925534250907881e-02
1.173342681342420596e-03 1.369863013698630148e-03 1.371216017951504551e-01
1.220570122788833169e-03 1.369863013698630148e-03 1.334773156998392551e-01
1.269698484794123342e-03 1.369863013698630148e-03 1.299298839365270186e-01
1.320804280056431246e-03 1.369863013698630148e-03 1.264767324038993390e-01
1.373967100935979653e-03 1.369863013698630148e-03 1.231153554126321326e-01
1.429269743412523537e-03 1.369863013698630148e-03 1.198433138672028997e-01
1.486798336032129101e-03 1.558031010085804673e-03 1.326827161191048987e-01
1.546642474044090639e-03 1.625771488785187485e-03 1.347718982185795167e-01
1.608895358936918542e-03 1.625771488785187485e-03 1.311900602857759002e-01
1.673653943590687997e-03 1.704802047267800621e-03 1.339112219906958556e-01
1.741019083271837242e-03 1.753725726328466154e-03 1.340930515672339729e-01
1.811095692705523780e-03 1.828992924883335921e-03 1.361313693323383534e-01
1.883992909470229944e-03 1.979527321993075455e-03 1.434198534144931203e-01
1.959824263969039970e-03 1.979527321993075455e-03 1.396081784431722206e-01
2.038707856242322983e-03 1.979527321993075455e-03 1.358978065044587347e-01
2.120766539897180839e-03 1.979527321993075455e-03 1.322860452637511230e-01
2.206128113440140436e-03 2.081138040042149456e-03 1.353801549224763479e-01
2.294925519311011037e-03 2.182748758091223890e-03 1.382163612479766490e-01
2.387297050927961097e-03 2.743489387325003664e-03 1.691066072291636246e-01
2.483386568066211879e-03 2.743489387325003664e-03 1.646122544117923914e-01
2.583343720905792625e-03 2.743489387325003664e-03 1.602373481824523049e-01
2.687324183097323810e-03 2.743489387325003664e-03 1.559787140045696407e-01
2.795489894208721352e-03 2.743489387325003664e-03 1.518332617113520577e-01
2.908009311930517468e-03 2.743489387325003664e-03 1.477979832634890300e-01
3.025057674432504035e-03 2.743489387325003664e-03 1.438699505664467471e-01
3.146817273280326857e-03 2.743489387325003664e-03 1.400463133457724718e-01
3.273477737337055892e-03 2.743489387325003664e-03 1.363242970788678954e-01
3.405236328091928045e-03 2.743489387325003664e-03 1.327012009817279403e-01
3.542298246876100440e-03 2.743489387325003664e-03 1.291743960491887888e-01
3.684876954444012229e-03 2.743489387325003664e-03 1.257413231472579718e-01
3.833194503417969908e-03 2.743489387325003664e-03 1.223994911561457621e-01
3.987481884113739002e-03 2.743489387325003664e-03 1.191464751626492569e-01
4.147979384285774632e-03 2.743489387325003664e-03 1.159799147005766973e-01
4.314936963352236643e-03 2.743489387325003664e-03 1.128975120379377556e-01
4.488614641682773902e-03 2.743489387325003664e-03 1.098970305096535899e-01
4.669282905555225717e-03 2.743489387325003664e-03 1.069762928945794250e-01
4.857223128411986696e-03 2.743489387325003664e-03 1.041331798356606442e-01
5.052728009072063667e-03 2.743489387325003664e-03 1.013656283020769738e-01
5.256102027581375027e-03 2.743489387325003664e-03 9.867163009225730919e-02
5.467661919411071977e-03 2.743489387325003664e-03 9.604923037668150476e-02
5.687737168742607562e-03 2.743489387325003664e-03 9.349652627940877037e-02
5.916670521607646574e-03 4.113352401023634246e-03 1.364550759788134005e-01
6.154818519682027714e-03 4.113352401023634246e-03 1.328285041658097965e-01
6.402552055565181519e-03 4.113352401023634246e-03 1.292983158916412856e-01
6.660256950409596324e-03 4.113352401023634246e-03 1.258619495672819721e-01
6.928334554800205311e-03 4.113352401023634246e-03 1.225169116831560934e-01
7.207202373819304730e-03 4.113352401023634246e-03 1.192607749997879191e-01
7.497294717270554416e-03 4.674093030257413586e-03 1.319169639239534952e-01
7.799063376074709744e-03 4.877314466355562456e-03 1.339940887199186081e-01
8.112978325890583473e-03 4.877314466355562456e-03 1.304329226601361746e-01
8.439528459056830703e-03 5.148276381153093703e-03 1.340200908395186574e-01
8.779222345994810647e-03 5.307591951427568198e-03 1.344953184383574363e-01
9.132589027258070785e-03 5.486978774650007329e-03 1.353457139135751108e-01
9.500178837462127171e-03 5.942345325906969733e-03 1.426824965126566314e-01
9.882564262377669870e-03 5.942345325906969733e-03 1.388904183041323459e-01
1.028034083052216732e-02 5.942345325906969733e-03 1.351991223042951773e-01
1.069412804063811680e-02 5.942345325906969733e-03 1.316059300205011107e-01
1.112457032650283895e-02 6.314917958753575415e-03 1.361403526902093819e-01
1.157233806057206792e-02 6.552009634201414606e-03 1.374976489572084792e-01
1.203812859802055012e-02 8.230468161975010993e-03 1.681306417116650020e-01
1.252266736280573979e-02 8.230468161975010993e-03 1.636622271674641471e-01
1.302670897744569352e-02 8.230468161975010993e-03 1.593125698488086217e-01
1.355103843827115510e-02 8.230468161975010993e-03 1.550785135403383308e-01
1.409647233798179411e-02 8.230468161975010993e-03 1.509569859095506450e-01
1.466386013741080227e-02 8.230468161975010993e-03 1.469449962774420637e-01
1.525408548847838851e-02 8.230468161975010993e-03 1.430396334484005938e-01
1.586806761039477598e-02 8.230468161975010993e-03 1.392380635977714665e-01
1.650676272125551486e-02 8.230468161975010993e-03 1.355375282155676653e-01
1.717116552725930778e-02 8.230468161975010993e-03 1.319353421048282127e-01
1.786231077186720487e-02 8.230468161975010993e-03 1.284288914331751519e-01
1.858127484731597612e-02 8.230468161975010993e-03 1.250156318361546059e-01
1.932917747099562392e-02 8.230468161975010993e-03 1.216930865709843351e-01
2.010718342930130006e-02 8.230468161975010993e-03 1.184588447193709732e-01
2.091650439167620432e-02 8.230468161975010993e-03 1.153105594380893772e-01
2.175840079767018057e-02 8.230468161975010993e-03 1.122459462560572024e-01
2.263418381995304166e-02 8.230468161975010993e-03 1.092627814166681754e-01
2.354521740633986129e-02 8.230468161975010993e-03 1.063589002641811415e-01
2.449292040400866469e-02 8.230468161975010993e-03 1.035321956729935988e-01
2.547876876921816719e-02 8.230468161975010993e-03 1.007806165186617559e-01
2.650429786596784215e-02 8.230468161975010993e-03 9.810216618955514001e-02
2.757110485717962148e-02 8.230468161975010993e-03 9.549490113806748115e-02
2.868085119212546164e-02 8.230468161975010993e-03 9.295692947033229458e-02
2.983526519397500243e-02 1.234382056299864437e-02 1.357089270236918055e-01
3.103614475149229709e-02 1.234382056299864437e-02 1.321021856402234407e-01
3.228536011907486014e-02 1.234382056299864437e-02 1.285913007615003545e-01
3.358485682949493428e-02 1.234382056299864437e-02 1.251737248055018181e-01
3.493665872387964610e-02 1.234382056299864437e-02 1.218469778973925999e-01
3.634287110364878282e-02 1.234382056299864437e-02 1.186086460700667838e-01
3.780568400931959977e-02 1.424431732650910734e-02 1.332324379435573247e-01
3.932737563128374525e-02 1.463194339906668737e-02 1.332207681957707779e-01
4.091031585787002073e-02 1.508730995032364977e-02 1.337159825652756706e-01
4.255696996621737005e-02 1.554643986150835468e-02 1.341232427508924074e-01
4.426990246170682541e-02 1.646093632395002199e-02 1.382385644041252137e-01
4.605178107193228648e-02 1.646093632395002199e-02 1.345645927505097483e-01
4.790538090142913014e-02 1.783079933764865344e-02 1.418889795718389080e-01
4.983358875363294582e-02 1.783079933764865344e-02 1.381179906936311486e-01
5.183940762679806191e-02 1.783079933764865344e-02 1.344472235321661491e-01
5.392596139087854623e-02 1.839153996688243364e-02 1.349897232624722720e-01
5.609649965265497973e-02 1.920442571127502565e-02 1.372099236407769984e-01
5.835440281668494850e-02 1.991570073761854756e-02 1.385100787387549548e-01
6.070318734995727022e-02 2.469140448592503298e-02 1.671603087871615101e-01
6.314651125845154034e-02 2.469140448592503298e-02 1.627176828184899726e-01
6.568817978413045433e-02 2.469140448592503298e-02 1.583931286913980163e-01
6.833215133123816953e-02 2.469140448592503298e-02 1.541835084060017291e-01
7.108254363113396257e-02 2.469140448592503298e-02 1.500857673611612486e-01
7.394364015526333489e-02 2.469140448592503298e-02 1.460969321379883279e-01
7.691989678625191229e-02 2.469140448592503298e-02 1.422141083422636398e-01
8.001594875751455449e-02 2.469140448592503298e-02 1.384344785041944914e-01
8.323661787218543384e-02 2.469140448592503298e-02 1.347553000339913321e-01
8.658692001261240889e-02 2.469140448592503298e-02 1.311739032317793263e-01
9.007207295211197562e-02 2.469140448592503298e-02 1.276876893503996746e-01
9.369750448114833041e-02 2.469140448592503298e-02 1.242941287096973740e-01
9.746886086059550203e-02 2.469140448592503298e-02 1.209907588609243079e-01
1.013920156152454954e-01 2.469140448592503298e-02 1.177751827999275608e-01
1.054730786812581034e-01 2.469140448592503298e-02 1.146450672278259836e-01
1.097184059217985036e-01 2.469140448592503298e-02 1.115981408579129613e-01
1.141346090256837725e-01 2.469140448592503298e-02 1.086321927675555771e-01
1.187285658044507641e-01 2.469140448592503298e-02 1.057450707938975415e-01
1.235074309038869944e-01 2.469140448592503298e-02 1.029346799721975042e-01
1.284786469467029679e-01 2.469140448592503298e-02 1.001989810156728167e-01
1.336499561237008693e-01 2.469140448592503298e-02 9.753598883574439438e-02
1.390294122514931230e-01 2.469140448592503298e-02 9.494377110160834299e-02
1.446253933155454141e-01 3.703522504892367562e-02 1.386236270894159739e-01
1.504466145180842485e-01 3.703522504892367562e-02 1.349394216099739641e-01
1.565021418511859108e-01 3.703522504892367562e-02 1.313531314015412010e-01
1.628014062161868836e-01 3.703522504892367562e-02 1.278621541661866812e-01
1.693542181114053580e-01 3.703522504892367562e-02 1.244639567673518493e-01
1.761707829110499834e-01 3.703522504892367562e-02 1.211560733917456389e-01
1.832617167591063800e-01 4.166415776004817051e-02 1.326766187102919048e-01
1.906380631029618300e-01 4.389583019720005863e-02 1.360682005486908153e-01
1.983113098925117501e-01 4.389583019720005863e-02 1.324519107389028338e-01
2.062934074715362387e-01 4.587535751919313842e-02 1.347460393828514014e-01
2.145967871892127954e-01 4.709468613578202817e-02 1.346511416905936953e-01
2.232343807607442554e-01 4.938280897185006596e-02 1.374407477235260189e-01
2.322196404072630338e-01 5.349616137287370454e-02 1.449318801306290205e-01
2.415665598063710950e-01 5.349616137287370454e-02 1.410800199670028121e-01
2.512896958859469065e-01 5.349616137287370454e-02 1.373305308393884816e-01
2.614041914951595325e-01 5.349616137287370454e-02 1.336806920288170775e-01
2.719257989880021209e-01 5.623965076019870474e-02 1.368013131894180723e-01
2.828709047560645784e-01 5.898314014752371187e-02 1.396616367290100802e-01
2.942565547487643873e-01 7.407421345777509547e-02 1.707331576590822297e-01
3.061004810207728632e-01 7.407421345777509547e-02 1.661955759482509343e-01
3.184211293479842220e-01 7.407421345777509547e-02 1.617785897214180368e-01
3.312376879550370523e-01 7.407421345777509547e-02 1.574789939077580192e-01
3.445701173991307931e-01 7.407421345777509547e-02 1.532936686177355234e-01
3.584391816566695477e-01 7.407421345777509547e-02 1.492195768792403121e-01
3.728664804611610539e-01 7.407421345777509547e-02 1.452537624338867128e-01
3.878744829427228091e-01 7.407421345777509547e-02 1.413933475918820459e-01
4.034865626215903833e-01 7.407421345777509547e-02 1.376355311439065032e-01
4.197270338101299347e-01 7.407421345777509547e-02 1.339775863284876078e-01
4.366211894800363646e-01 7.407421345777509547e-02 1.304168588533981821e-01
4.541953406537067028e-01 7.407421345777509547e-02 1.269507649696377805e-01
4.724768573811258254e-01 7.407421345777509547e-02 1.235767895966026347e-01
4.914942113660867862e-01 7.407421345777509547e-02 1.202924844970831575e-01
5.112770203081296039e-01 7.407421345777509547e-02 1.170954665007645085e-01
5.318560940292632599e-01 7.407421345777509547e-02 1.139834157749407828e-01
5.532634824572943977e-01 7.407421345777509547e-02 1.109540741411896708e-01
5.755325255405099316e-01 7.407421345777509547e-02 1.080052434367837350e-01
5.986979051714398370e-01 7.407421345777509547e-02 1.051347839196510175e-01
6.227956992005660997e-01 7.407421345777509547e-02 1.023406127157272666e-01
6.478634376241106940e-01 7.407421345777509547e-02 9.962070230757200107e-02
6.739401610333862758e-01 7.407421345777509547e-02 9.697307906315437431e-02
7.010664814167675285e-01 1.111094385066987850e-01 1.415913348033103758e-01
7.292846454089544350e-01 1.111094385066987850e-01 1.378282564415864442e-01
7.586386000860430023e-01 1.111094385066987850e-01 1.341651895585038445e-01
7.891740614088669226e-01 1.111094385066987850e-01 1.305994761451406139e-01
8.209385854212154499e-01 1.111094385066987850e-01 1.271285288345798403e-01
8.539816423137879253e-01 1.111094385066987850e-01 1.237498290244554711e-01
8.883546934692632124e-01 1.262005118169501616e-01 1.368221332003236312e-01
9.241112716084517453e-01 1.316874905916001759e-01 1.389764933148502080e-01
9.613070641623568946e-01 1.316874905916001759e-01 1.352829096961362110e-01
1.000000000000000000e+00 1.388880525866827143e-01 1.388880525866827143e-01
